X0, Y0, X5, Y5, X10, Y10, X15, Y15, X20, Y20, X25, Y25, X30, Y30, X35, Y35, X40, Y40, X45, Y45, X50, Y50, X55, Y55, X60, Y60, X65, Y65, X70, Y70, X75, Y75, X80, Y80, X85, Y85, X90, Y90, X95, Y95, X100, Y100, Symbol
3.644856,1.625195,3.333501,1.284816,2.726295,0.7791395,2.021682,-0.008983135,1.65815,-0.2554636,0.6655321,-0.8075347,-0.0632925,-0.9597082,-0.3826752,-0.9221792,-1.050167,-0.6437492,-1.586255,-0.3659182,-1.87795,0.3283486,-1.84719,1.347294,-1.597705,1.575525,-0.7868061,2.446616,-0.4075212,2.606936,0.4119654,2.969949,2.050136,3.30743,3.287375,3.211541,4.022655,2.688155,4.340458,1.887571,4.114295,0.2967663,1
2.815912,0.8969021,2.639305,0.6540227,2.009884,-0.1864719,1.679726,-0.4299927,0.5505514,-1.059055,0.1846952,-1.114183,-0.1830273,-1.160617,-0.6477594,-0.7261248,-0.9636517,-0.5272079,-1.201109,0.1694698,-1.480708,0.6582284,-1.440669,1.166128,-0.979969,1.675059,-0.1376762,2.239172,0.3612976,2.3943,1.556199,2.590227,2.078093,2.508113,3.124959,1.892335,3.41402,1.659302,3.521624,1.333549,3.176562,-0.03766537,1
0.3524971,-0.572084,-0.08936787,-0.7990232,-0.4737024,-1.132057,-1.320087,-1.536645,-2.952246,-1.292943,-3.031722,-0.8419909,-3.031722,-0.8419909,-3.306224,-0.02420282,-3.493032,0.4534988,-3.33816,1.197073,-2.939955,1.561428,-1.636027,2.338665,-1.027507,2.487442,0.1365738,2.43432,0.624011,2.308468,0.9499903,2.121846,1.593253,1.584283,1.702418,1.306905,1.420124,0.5276837,0.840642,-0.4623127,0.6125822,-1.067492,1
1.07652,-1.662972,1.07652,-1.662972,0.4629393,-1.629292,-0.5725689,-1.496412,-0.5725689,-1.496412,-1.555365,-0.7874827,-1.887882,-0.5732427,-2.030166,0.3965836,-1.99159,0.8162913,-1.757269,1.315828,-1.270288,2.139289,-1.270288,2.139289,-0.2991657,2.541567,0.2190466,2.6727,0.852459,2.696187,1.992365,2.397647,2.410341,2.198889,2.838333,1.858727,2.966567,1.04279,2.825672,0.6712132,2.321148,-1.200666,1
2.46999,1.368248,2.60245,1.453177,2.73789,0.7594066,1.82188,-0.5268159,1.82188,-0.5268159,0.313756,-1.231866,-0.6767006,-1.211552,-1.143609,-1.218007,-1.143609,-1.218007,-2.229179,-0.6625047,-2.513325,0.01151276,-2.791113,0.5663705,-2.617912,1.649816,-2.617912,1.649816,-1.788647,2.482069,-0.2243986,2.890089,0.4361601,3.011792,1.208468,3.014612,2.2355,2.660901,2.602377,1.820865,2.841128,0.3817439,1
3.801417,1.075868,3.819075,0.8493896,3.206349,-0.3844066,2.694671,-1.475254,1.723374,-2.062934,0.900094,-2.217342,-0.5501308,-2.204168,-1.368114,-1.936057,-2.551099,-1.381991,-2.418605,-0.8691077,-2.804939,-0.5852318,-2.77399,0.6792469,-2.477876,1.060461,-1.35328,2.085192,-1.35328,2.085192,0.3834305,2.728584,1.409924,2.868247,2.39635,2.71317,3.541083,2.206017,3.881159,1.810091,4.282058,0.4143267,1
3.274941,-0.1367307,3.274941,-0.1367307,2.421682,-1.484019,1.531059,-2.020109,0.8181219,-2.203523,-0.4920826,-1.736249,-0.9942684,-1.363121,-1.83695,-0.8398614,-2.237366,0.180378,-2.055234,0.7773046,-1.620636,1.384606,-1.182248,2.331758,-0.5995646,2.606951,0.3260231,2.92017,1.824981,2.97234,1.824981,2.97234,2.846905,2.418263,3.176964,2.005594,3.421454,1.518595,3.247674,0.6725936,2.757354,-0.3927407,1
2.713406,1.314526,2.841666,1.315135,2.844887,1.018515,2.157582,-0.1281524,0.6923103,-1.348818,0.6923103,-1.348818,-0.6784458,-1.387617,-2.469559,-0.868938,-2.216734,-0.7550988,-2.972207,0.8472495,-2.972207,0.8472495,-2.53317,1.428737,-1.730667,2.333136,-1.275406,2.589004,0.4642229,3.010986,1.01052,2.950428,2.119341,2.528882,2.420745,2.247639,2.630941,1.858426,2.828256,0.9624724,2.674797,-0.3218985,1
1.128062,-0.9142625,0.5013933,-0.9817672,-0.3327532,-0.6967673,-0.9841628,-0.5246038,-1.634127,-0.1385112,-1.939503,0.8117738,-1.939503,0.8117738,-2.056314,1.277747,-2.035156,1.705024,-1.896171,2.057847,-1.584888,2.40278,-0.337224,2.914918,-0.337224,2.914918,1.053222,3.132468,1.836181,3.146355,1.836181,3.146355,2.994859,2.207438,2.994859,2.207438,3.070275,1.797692,3.070275,1.797692,2.504547,0.4061093,1
-0.8924074,-1.408391,-1.646072,-1.090968,-1.646072,-1.090968,-2.135412,-0.7512159,-2.40254,-0.2620678,-2.333501,0.1903558,-2.269081,0.7609434,-2.072895,1.373127,-1.251369,2.360795,-1.251369,2.360795,-0.8615766,2.644538,0.4044628,3.062389,1.145814,3.246672,2.047379,3.287079,2.574881,3.091049,2.996794,2.8129,3.33922,2.057719,3.33922,2.057719,2.8448,0.7249446,2.8448,0.7249446,2.09211,-0.4174643,1
2.07056,0.4157786,2.07056,0.4157786,1.465965,-0.6166677,1.152512,-1.006933,0.005941391,-1.205348,-0.4736176,-1.213364,-0.9095016,-1.123201,-2.030785,-0.5898952,-2.267912,0.01916361,-2.188088,0.2112479,-1.943078,1.312933,-2.00699,1.802783,-1.267801,2.618416,0.0987978,3.045128,0.0987978,3.045128,1.343611,2.963876,2.155788,2.360249,2.527496,1.894479,2.516248,1.302561,2.463391,0.7069426,2.214879,-0.6988358,1
0.3715057,-1.252679,0.3715057,-1.252679,-0.5953188,-0.896028,-1.593549,-0.5025845,-2.021392,0.04129457,-2.073342,0.4065289,-2.543256,1.696098,-2.10461,2.61392,-1.680526,3.169787,0.05784893,3.691544,0.7074347,3.761034,1.323873,3.665951,2.306306,3.042604,2.436419,2.67215,2.387396,1.74735,2.00666,1.190284,1.570702,0.8047724,0.3186436,-0.1332059,-0.6133204,-0.3365674,-0.8145795,-0.7352595,-0.7062607,-0.9555025,1
-1.18337,-1.509607,-2.169155,-1.411257,-3.021552,-0.9895051,-3.272059,-0.3777452,-2.8542,0.02259588,-3.236859,0.6569791,-2.880578,1.924347,-2.488086,2.384235,-2.143685,2.747591,-1.63488,3.332955,0.02972889,3.511467,0.5336628,3.690922,1.643117,3.154274,1.643117,3.154274,2.215677,2.268086,2.157108,1.759167,1.413327,0.610137,0.3316822,-0.7911887,0.3316822,-0.7911887,-0.3500099,-0.9618318,-0.4407663,-1.105115,1
-1.540522,-1.397161,-2.358318,-0.8520985,-2.358318,-0.8520985,-2.23904,-0.8762078,-2.424289,0.1193171,-2.278045,0.624558,-2.278045,0.624558,-2.222923,1.370068,-2.267872,1.761047,-1.283691,2.598267,-0.7639627,1.961153,1.241686,3.488091,1.241686,3.488091,2.259651,3.220513,2.772597,2.863547,3.196379,2.477206,3.347323,1.839355,3.291703,1.514837,2.891298,0.9440885,2.394547,0.3733649,1.807783,-0.6704488,1
2.565074,0.4703822,2.653956,0.3676181,1.519101,-0.9569316,1.519101,-0.9569316,-0.002435684,-1.535093,-0.002435684,-1.535093,-1.169885,-1.560541,-1.584282,-1.163381,-1.722282,-0.8799872,-2.225603,0.1033955,-2.149951,0.5711265,-1.68619,1.596662,-1.68619,1.596662,-0.6769705,2.483649,0.1964121,2.818825,1.022492,2.857801,2.468435,2.616803,2.987342,2.319657,3.203297,1.86258,3.237558,1.312132,3.243647,-0.5517402,1
-2.806963,-1.428235,-2.986561,-0.5105705,-2.104281,1.170427,-1.536865,2.315871,-1.536865,2.315871,-0.4045267,3.084257,0.5097952,3.335375,1.919623,3.199914,2.379169,2.982691,2.859052,2.281737,2.890759,1.713281,2.771204,1.310857,1.771247,-0.08732176,0.42239,-0.8606229,0.42239,-0.8606229,-0.6449423,-0.914464,-2.047926,-0.5115962,-2.323019,-0.08041525,-2.560602,0.3731484,-2.183202,0.02295494,-1.695477,0.2180028,1
-0.5163317,0.1712565,-0.8492165,-0.1678815,-0.8492165,-0.1678815,-2.194914,-0.7092352,-2.4458,-0.8309159,-2.966846,-0.7689128,-3.670378,-0.1287508,-3.670378,-0.1287508,-3.730271,0.7185907,-3.698453,0.9161072,-3.155765,2.53106,-3.155765,2.53106,-2.006524,3.314488,-1.171069,3.318512,0.6122684,3.174387,0.6122684,3.174387,1.016992,2.799327,1.301752,2.382901,1.358293,1.472952,1.358293,1.472952,1.090097,-0.07621574,1
-0.7439137,-2.09049,-1.316225,-2.376335,-1.842661,-2.32394,-2.925147,-1.632978,-3.176337,-1.25388,-3.277582,-0.8942533,-3.445366,-0.05830956,-3.390596,1.068359,-3.390596,1.068359,-2.989118,1.976448,-2.989118,1.976448,-1.596659,2.783747,0.08164024,3.047472,0.7783365,2.901338,1.286509,2.557279,1.544285,2.142244,1.780368,1.427754,1.554548,0.8640747,1.014423,-0.3487902,0.6343222,-1.094712,0.3680925,-1.572413,1
-1.405388,-2.484862,-1.931441,-2.519066,-2.349669,-2.230315,-3.056911,-1.586386,-3.411153,-0.8968515,-3.219061,-0.09628057,-3.219061,-0.09628057,-2.922649,1.285979,-2.936159,1.458904,-2.936159,1.458904,-1.952866,2.745934,-1.293733,3.156139,-0.5581369,3.269049,0.1088123,3.317,0.973773,3.170718,1.946992,2.510187,1.946992,2.510187,2.091749,2.061822,2.173568,1.69667,2.047846,1.082324,0.938036,-0.7846403,1
-2.870963,-0.9663045,-2.719015,-0.7633324,-3.33536,0.4828725,-3.292042,0.8394022,-2.224647,1.478133,-1.691757,2.482418,-0.1186352,2.690759,0.6215363,2.909793,1.344154,2.82773,2.552547,2.330964,2.545199,1.139118,2.240376,0.7056537,0.7659426,-0.2038426,-0.293766,-0.4379392,-0.7942171,-0.505589,-2.612434,-0.4328256,-2.707016,-0.1564002,-2.903606,0.1417732,-3.07561,0.5314727,-2.990592,0.6184392,-1.930311,-0.7465262,1
0.05506229,0.05085659,0.05506229,0.05085659,0.52952,-0.2249131,0.4317608,-0.9308529,0.190588,-1.271945,-0.6294622,-1.572049,-1.155359,-1.642819,-2.158085,-1.170036,-2.293386,-0.9905159,-2.861702,-0.1196251,-3.033895,0.4703193,-2.598643,1.43939,-2.598643,1.43939,-1.595339,1.86924,-1.058381,1.910389,-0.3090963,1.541088,0.05342865,1.189399,0.5560751,0.4153848,0.5821524,-0.08753109,0.4099865,-0.8765874,0.5559855,-2.067447,1
0.5490618,-0.8914409,0.3027325,-3.813415,-0.3412514,-1.50259,-0.3412514,-1.50259,-0.3412514,-1.50259,-3.141897,-1.098754,-3.516649,-0.4041352,-3.64785,0.6566877,-3.64785,0.6566877,-3.319021,0.9259205,-2.726731,1.86095,-2.500389,1.900548,-1.711526,2.291668,-0.4899416,2.189751,-0.4899416,2.189751,0.3562889,1.362779,0.3946848,0.3956265,0.2892962,-0.02731371,-0.03045845,-0.3971515,-0.6078043,-0.8761916,-1.095833,-2.057432,1
0.003019333,0.6014509,0.157877,0.7437816,0.2706127,0.5975943,-0.2059069,-0.08348274,-0.4351559,-0.3145041,-0.4351559,-0.3145041,-1.655962,-0.7407823,-2.324825,-0.3182282,-2.324825,-0.3182282,-2.99898,0.6095576,-3.001135,1.362687,-2.727269,1.757586,-3.025625,0.7197495,-3.025625,0.7197495,-0.9488959,2.675862,0.2370615,2.558003,0.6070042,2.3437,0.863409,1.993011,0.8116865,1.217665,0.6983738,0.6882529,0.5358906,-1.155868,1
1.063671,0.9359031,1.19459,0.982954,1.383982,0.7548709,1.371336,0.4675832,1.155527,0.07852745,0.2898731,-0.556849,-0.4952917,-1.065,-1.288157,-1.101551,-2.245745,-0.6090369,-2.722533,-0.2824426,-2.877188,0.2567644,-2.996335,1.197421,-2.828959,1.638181,-2.061808,2.358716,-1.524826,2.56615,-0.02931976,2.722301,0.5817709,2.655578,1.019962,2.476741,1.432687,1.878459,1.554641,0.7295337,1.61789,-0.7795949,1
1.912411,0.5470304,1.983415,0.8199167,2.125049,0.5692129,1.437939,-0.2313757,0.9316092,-0.8738379,0.1864281,-1.412985,0.1864281,-1.412985,0.1864281,-1.412985,-2.59466,-1.149393,-2.516841,-0.3693337,-2.426089,0.02161694,-2.348729,0.7891588,-2.348729,0.7891588,-1.814912,1.790585,-2.295427,1.520861,-0.1174269,2.408874,1.037651,2.450994,1.037651,2.450994,1.682658,1.863335,1.877795,1.501878,2.355565,-0.3132358,1
2.041839,1.262243,2.2054,1.293118,2.038962,0.893229,1.351871,0.1231174,0.6437006,-0.3261828,-0.02524185,-0.6196089,-0.5756941,-0.8072429,-1.847796,-0.6884284,-2.43165,0.1946998,-2.847566,0.6453252,-2.776131,1.433928,-2.652141,1.909607,-2.216755,2.360409,-1.710963,2.624871,-1.232637,2.711847,0.2892475,2.772614,1.19671,2.511027,1.52984,2.202401,1.898189,1.847158,2.150572,1.086695,2.128056,-0.6447082,1
2.177074,0.9687586,2.299291,0.9245186,1.912229,0.4080672,1.424802,-0.000796795,0.5741081,-0.487679,-0.8277316,-1.14108,-0.8277316,-1.14108,-0.8277316,-1.14108,-3.622886,-0.145946,-3.728468,0.1491361,-3.224236,1.116889,-3.156587,1.536518,-3.11326,0.8997169,-1.829944,2.3883,-1.222102,2.348384,0.8478651,1.95111,1.343225,1.625045,1.786206,1.260945,2.004073,1.015404,2.05281,0.1865368,1.833727,-1.201369,1
1.580095,0.6573567,1.541076,0.5433354,1.168669,-0.1604686,0.6177044,-0.5672069,0.6177044,-0.5672069,-0.908618,-1.320763,-2.570099,-1.25259,-2.689975,-0.970778,-2.689975,-0.970778,-3.422837,0.4560785,-3.214176,0.8299546,-2.717237,1.485063,-2.717237,1.485063,-1.964757,1.8131,-0.2351236,2.202657,0.2839479,2.094222,0.8477964,2.019105,1.667337,1.563208,1.667337,1.563208,2.002762,0.06380033,1.87568,-0.7034354,1
1.758975,0.3695569,2.023839,1.360908,2.22347,1.399579,2.533414,1.101705,2.657434,0.7600641,2.545844,0.3647275,1.596242,-0.4454637,0.5965958,-0.8175263,0.5965958,-0.8175263,-0.8375263,-0.4982662,-1.530535,0.2763944,-1.825575,1.247953,-1.855339,1.835913,-1.596983,2.241906,-0.7363596,2.743764,0.6402254,3.140694,0.6402254,3.140694,1.641426,2.847929,2.039843,2.230762,2.061165,1.909154,2.111922,0.7244935,1
1.955001,1.354297,1.955001,1.354297,1.238108,0.4477501,1.238108,0.4477501,-0.2075224,-0.5925422,-0.2075224,-0.5925422,-0.2075224,-0.5925422,-2.753074,-1.228904,-2.686042,-0.06616545,-2.927246,0.3581781,-2.876145,0.6248446,-2.953488,1.169856,-2.612625,1.444424,-3.115912,0.8134265,-3.115912,0.8134265,-0.1135559,2.441648,-0.1135559,2.441648,1.264765,2.368118,1.619232,2.052321,2.016238,1.602293,2.421722,0.008182526,1
2.201858,0.6585622,2.201858,0.6585622,1.871918,0.2884231,1.227275,-0.1046576,0.3318024,-0.6104689,0.3318024,-0.6104689,-2.684771,-0.9587479,-2.79253,-0.454,-2.743484,-0.2061892,-3.040856,0.3938918,-2.986073,0.6723051,-2.624198,1.411641,-3.149561,1.082789,-2.086476,1.872808,-0.5040216,2.322742,0.3048449,2.336629,1.512053,2.120118,1.939083,1.64057,2.184193,1.312179,2.32783,1.019824,2.328086,-0.8788986,1
2.512523,0.4399328,2.512523,0.4399328,2.630193,0.144372,1.646964,-0.8120341,0.6818037,-1.247728,-0.06677341,-1.549845,-0.06677341,-1.549845,-0.5885048,-1.500078,-1.787406,-0.9849162,-2.27396,-0.5215859,-2.469066,-0.1030269,-2.394719,0.2754416,-1.616529,1.244286,-1.319583,1.556936,-0.5624495,1.923047,0.206728,2.116187,0.206728,2.116187,2.002812,2.247072,2.639931,1.852862,2.954278,1.644619,3.183218,0.01726341,1
2.968298,0.03448629,2.968298,0.03448629,2.866354,0.175683,2.474236,-0.1572633,2.066751,-0.5769143,0.5921803,-1.371472,0.5153589,-1.778042,0.5153589,-1.778042,-1.234785,-1.05966,-2.368041,-0.2536969,-2.368041,-0.2536969,-2.309047,0.5701919,-1.679669,1.465192,-1.317649,1.818833,-0.7121572,2.021533,-0.009500504,2.044318,1.467706,1.788212,1.950957,1.508301,2.439893,0.6946692,2.567746,-0.3784919,2.422191,-1.639243,1
1.793708,0.4225869,1.625154,0.3289633,1.179336,0.01187611,-0.04598427,-0.5378175,-0.5906878,-0.8536706,-1.671676,-0.9148502,-2.468377,-0.5224342,-2.813713,-0.3348422,-3.259164,0.1146441,-3.197872,0.7907343,-3.07986,1.272687,-2.841408,1.667846,-2.478319,2.091672,-1.317902,2.480564,-0.03903675,2.449378,0.3446312,2.375779,0.8755112,2.20112,1.569186,1.413946,1.569186,1.413946,1.75155,0.5687127,1.772614,-1.049225,1
0.7088871,-1.711868,0.3567944,-1.687777,-0.5703735,-1.805941,-1.214985,-1.71704,-1.887744,-1.484247,-2.70843,-0.7235498,-2.791704,-0.322598,-2.425838,0.07010126,-2.089675,0.9275169,-1.820166,1.430451,-1.103417,2.176014,-1.103417,2.176014,0.2381105,2.571994,0.8352547,2.629485,1.247724,2.355824,1.92155,1.739904,2.140205,1.28006,2.13595,1.019776,2.101601,0.3283124,2.304868,-0.7451315,2.188262,-1.61849,1
1.69346,0.7920675,1.765892,0.7417803,1.518308,0.4367447,1.242455,0.118917,0.752964,-0.267436,0.07429218,-0.5344515,-0.4028282,-0.7205868,-1.415315,-0.8122382,-1.756933,-0.5507903,-2.115783,-0.05945349,-2.049063,0.8685141,-1.741623,1.320766,-1.346062,2.16626,-1.346062,2.16626,-0.02341747,2.654642,0.5787001,2.721199,1.609685,2.426129,2.085908,2.119534,2.613779,1.701302,2.974809,1.337192,2.890732,-1.021595,1
2.930642,0.393836,2.930642,0.393836,2.804341,0.1038837,2.804341,0.1038837,1.73662,-1.246815,0.8916006,-1.675633,0.8916006,-1.675633,-0.3908901,-1.451927,-1.081039,-1.045456,-1.397473,-0.5835919,-1.455339,-0.1476665,-1.536036,0.2420683,-1.482751,1.405243,-1.170744,1.775691,-0.003435135,2.513169,-0.003435135,2.513169,1.725101,2.667006,2.140036,2.427378,2.602283,2.159865,3.008005,1.464936,3.132382,-0.1715207,1
2.362279,1.227846,2.451854,1.465806,2.573376,1.437963,2.56497,0.7115512,2.4514,0.2568312,2.028249,-0.4438958,1.612201,-0.9381127,0.1530104,-1.512765,-0.6423512,-1.657873,-1.301405,-1.285243,-1.836897,-0.4053006,-2.16132,-0.02926159,-1.875351,0.893579,-1.4811,1.429582,-1.193635,1.897447,-0.7285366,2.256114,0.6032896,2.739169,1.388738,2.711455,2.039068,2.537327,2.797428,1.481474,2.867324,0.3842216,1
2.967906,1.249595,2.93247,1.587343,2.984996,1.648074,3.015146,1.413975,2.716743,0.4406705,2.208916,-0.05730772,0.4661655,-1.117759,1.958835,-3.525139,-0.9120383,-1.253309,-2.338944,-0.02430677,-2.338944,-0.02430677,-2.386681,0.3186936,-2.232065,1.239314,-1.937252,1.593678,-1.616103,1.980839,-1.147477,2.289252,0.0654335,2.582272,0.6127243,2.725449,1.720311,2.513701,2.068329,2.262945,2.802885,0.2381377,1
2.422959,1.643188,2.572199,1.689425,2.609679,1.521501,2.458384,1.156137,2.041314,0.8590922,1.444417,0.5318284,0.408371,0.01133156,-0.114975,-0.1824436,-0.661006,-0.1461816,-0.9028168,-0.09182835,-1.8592,0.410377,-1.951016,0.8111815,-1.882817,1.128512,-1.797917,1.947227,-1.500057,2.178181,-1.090778,2.446964,-0.6475573,2.515637,0.435873,2.59497,0.9121704,2.476437,1.288323,2.233734,1.872456,0.8181047,1
1.81366,0.2959948,1.550574,0.05112171,1.143416,-0.386651,0.3394308,-0.9908485,0.3394308,-0.9908485,-0.1585312,-1.138515,-0.6423531,-0.9752779,-1.288418,-0.8484607,-1.651748,-0.08495998,-1.651748,-0.08495998,-1.87649,0.9184413,-1.711373,1.410521,-1.571496,1.976738,-1.339396,2.333023,-0.9000216,2.581045,-0.2874241,2.7656,0.84231,3.000774,1.307082,2.730589,1.989816,1.967041,1.989816,1.967041,2.445919,0.1806397,1
1.838336,-0.492003,1.502988,-0.7149148,0.8742704,-1.035895,0.05706024,-0.9910417,0.05706024,-0.9910417,-0.6569338,-0.6560783,-0.6569338,-0.6560783,-1.049986,-0.06888676,-1.323956,0.2837152,-1.353573,0.6784201,-1.287861,1.270251,-1.105119,1.579832,-0.8253188,1.995647,0.2552519,2.549291,0.2552519,2.549291,1.347649,2.717066,1.88752,2.706437,2.26204,2.532701,2.68282,2.327015,3.072076,1.355406,3.141219,-0.3277793,1
-1.616499,-1.301487,-1.616499,-1.301487,-2.521184,-0.8522773,-2.447149,-0.9077263,-2.482186,0.02740145,-2.482186,0.02740145,-2.506414,0.6855674,-2.274746,0.8503366,-2.10672,1.35057,-1.484905,2.07887,-0.9193401,2.365744,-0.9193401,2.365744,-0.0633688,2.543491,0.7122116,2.594695,0.7122116,2.594695,1.921995,2.261636,2.340665,1.968209,2.736998,0.9790964,2.777474,0.6295285,2.777474,0.6295285,2.606802,-0.5937052,1
-1.537278,-1.964865,-2.862071,-0.8178425,-2.862071,-0.8178425,-2.689639,-0.1113601,-2.689639,-0.1113601,-2.575827,0.7193637,-2.575827,0.7193637,-1.988939,1.156427,-1.820989,1.73005,-1.386813,2.172806,-0.8925548,2.562806,-0.1046619,2.800944,1.130262,3.017849,1.130262,3.017849,1.658921,2.889182,2.155474,2.539347,2.668955,1.842114,2.772393,1.190495,2.772393,1.190495,2.653903,0.5032306,2.573941,-1.110046,1
-1.503612,-2.253386,-2.428131,-1.526016,-2.722453,-0.8202882,-2.722453,-0.8202882,-2.326202,0.3360457,-2.056294,0.9216638,-2.056294,0.9216638,-1.596861,1.483038,-1.228245,2.010371,-0.8044405,2.269685,-0.08459663,2.561009,-0.08459663,2.561009,1.491363,2.730177,2.096703,2.533855,2.442089,2.213671,2.442089,2.213671,2.58226,1.720257,2.61091,1.342952,2.540698,0.7898936,2.324401,0.1375165,1.846198,-0.9080005,1
-1.401953,-1.816829,-1.989557,-1.514204,-2.494715,-0.8721786,-2.810133,-0.3314424,-3.101638,0.1831388,-2.788442,1.79353,-2.788442,1.79353,-2.132519,2.554479,-1.68606,2.93495,0.01103401,3.26164,0.6681261,3.275226,1.18741,3.090384,1.857562,2.389148,1.997461,1.958436,1.438272,0.3408046,0.8137178,-0.3879147,-0.2266092,-1.032758,-0.2266092,-1.032758,-0.6287184,-1.275913,-1.314861,-1.448768,-0.9466491,-1.265698,1
-2.813329,-1.31963,-3.259867,-0.6762424,-3.259867,-0.6762424,-3.520926,-0.03346729,-3.277506,1.101765,-2.789898,1.668098,-2.789898,1.668098,-2.346642,2.151471,-1.854417,2.389955,-1.235239,2.578926,0.5616999,2.717374,0.5616999,2.717374,0.9209433,2.520878,1.672858,1.814689,1.827722,1.217956,1.797858,0.6650758,1.797858,0.6650758,1.105485,-1.018834,0.5511656,-1.463894,0.5511656,-1.463894,-0.5251617,-1.889526,1
-3.761033,0.3450489,-3.7865,0.6697197,-2.953116,2.031952,-2.148136,2.466521,-1.644164,2.616324,-0.4859428,2.639265,0.7803688,2.673349,1.185611,2.323049,1.427398,1.498216,1.236321,0.9288979,0.757019,0.2187347,0.3826036,-0.4165845,-0.5677738,-1.441574,-0.5677738,-1.441574,-1.425796,-1.85972,-2.853076,-1.406277,-2.853076,-1.406277,-2.883141,-1.241904,-3.264771,-0.858469,-3.233289,-0.4226303,-2.871987,-0.7583632,1
1.658155,-0.3170729,1.630508,-0.6799808,0.5415945,-1.713105,-0.3934965,-1.783504,-0.3934965,-1.783504,-2.048822,-1.287153,-2.758351,-0.4220324,-2.631303,-0.06527233,-2.82527,0.4464769,-2.610123,1.450212,-2.787017,1.601521,-1.894492,2.284732,-0.4489937,2.556349,-0.4489937,2.556349,0.6827755,2.469909,1.047914,2.2802,1.753008,1.608664,1.913357,1.283843,1.923175,0.9595761,1.712779,-0.01199913,1.345637,-1.466437,1
1.578309,1.795424,1.542208,1.650292,0.9761267,0.6961827,0.6494579,0.1477962,-0.6193476,-1.24491,-1.652495,-1.400175,-2.774855,-1.545658,-2.720846,-1.17741,-3.002768,0.08706713,-3.176876,1.178406,-3.097566,1.67722,-2.653997,2.203341,-2.490326,2.275559,-1.920877,2.091525,-0.8035936,1.024992,-0.4177494,0.6982684,0.4324884,0.07439852,1.549087,-0.4735732,2.277928,-0.7641826,2.367169,-0.8242102,2.52529,-1.825109,2
2.094728,2.19041,2.07157,2.184874,1.61175,1.390788,0.88904,0.4864993,-0.3758774,-0.372889,-1.080259,-0.8236761,-1.080259,-0.8236761,-2.460318,-1.019634,-2.463764,-0.5959716,-2.84762,-0.02747869,-3.001359,0.723928,-2.673759,1.46485,-2.726162,1.92354,-2.364663,2.642773,-2.085249,2.639944,-1.635101,1.988402,-1.635101,1.988402,-0.6437368,1.065968,-0.187438,0.7368832,1.393955,-0.6502328,2.152942,-1.206601,2
2.421808,2.198073,2.371946,2.431197,2.355692,2.502262,2.235601,2.264517,1.572878,1.153243,1.063412,0.4833074,-0.9572887,-0.7870564,-2.140233,-0.9704506,-2.387407,-0.9473901,-3.174591,-0.09083271,-3.132518,0.2709718,-3.355425,1.432673,-2.9708,2.199978,-2.438,2.720744,-1.888748,2.655587,-1.183042,1.971366,-0.7442436,1.486101,0.4102993,0.4115882,1.312888,-0.01842022,2.540685,-0.8946786,2.715531,-1.542616,2
2.538893,2.07308,2.488041,2.343326,2.386096,2.47754,2.078275,1.938817,1.61496,1.366392,0.6868162,0.3653989,0.1407175,0.1191678,-0.7432833,-0.2026305,-1.225727,-0.2340775,-1.842865,0.6096635,-1.895245,1.290298,-2.123359,1.871867,-2.100989,2.606211,-1.665498,2.94917,-1.240856,2.872536,-0.5736647,2.376699,-0.1903028,1.946538,1.0418,1.220536,2.146684,0.5514622,2.530183,0.3461471,2.756231,-1.079233,2
2.51001,1.560546,2.115191,2.326819,2.058461,2.342864,2.00306,2.193724,1.543677,1.357432,0.740696,0.3008986,0.09343052,-0.0405302,-0.8357987,-0.3108215,-1.108332,-0.3414569,-1.516428,0.1515861,-1.652921,0.5576448,-1.892475,1.801126,-1.707933,2.330268,-1.551163,2.592792,-1.322217,2.507628,-1.053635,2.263851,-0.5741158,1.512847,0.6683273,0.7084579,1.942403,0.06993484,2.304346,-0.2564664,2.604028,-1.10569,2
2.772944,2.163871,2.707355,2.360909,2.626596,2.248256,2.570405,1.996535,1.81465,0.9565101,1.243133,0.3061681,0.2120905,-0.4514518,-0.1340847,-0.5299935,-0.4521341,-0.5604963,-0.9734621,-0.01117849,-1.054393,0.4692078,-1.050673,0.9551463,-0.9312787,1.532497,-0.994473,2.290311,-0.9409757,2.557576,-0.3396244,2.668997,0.1325626,2.050649,1.129432,1.240719,1.818299,0.934381,2.689271,0.2876248,3.257201,-0.07876587,2
2.520701,2.31743,2.520701,2.31743,2.432042,2.538846,2.262142,2.602241,2.05689,2.352798,0.5363483,0.6326981,-0.0294323,0.1974659,-0.6524849,-0.2256565,-1.602974,-0.1646276,-1.61254,0.04510832,-1.598034,0.6336818,-1.644925,1.231247,-1.811119,1.662329,-2.139344,1.224373,-1.354247,2.543101,-1.0965,2.541451,-0.5916042,2.072666,-0.1648531,1.680394,0.2934237,1.237499,1.462615,-0.1616793,2.523686,-0.8368139,2
2.369809,2.219052,2.216886,2.52188,1.906808,2.645993,1.685636,2.387433,0.8058004,1.247966,0.05772591,0.7895741,-0.8973832,-0.2254915,-1.630966,-0.4269767,-1.808289,-0.2914219,-1.753772,0.4880447,-1.763211,0.9874344,-1.805476,2.281039,-1.705694,2.539246,-1.528686,2.743657,-1.111793,2.645481,-0.6203222,2.09044,-0.2354612,1.674784,0.3022738,1.218083,1.121783,0.3986888,1.508652,-0.04013824,2.303158,-1.142833,2
2.458497,1.793263,2.240399,2.614508,2.049263,2.562589,1.397855,1.816905,0.8853989,1.219562,0.5731249,0.8329024,-0.2886639,0.1113219,-0.5965462,-0.1839209,-1.006393,-0.2601576,-1.343802,-0.06058884,-1.246813,0.7451391,-1.520858,1.348613,-1.731337,2.260496,-1.655322,2.726572,-1.285665,3.029677,-0.8908129,2.662659,-0.1391563,1.816244,0.5031595,1.483713,1.146126,0.9793186,2.01,0.2358418,2.625235,-1.088176,2
2.134067,1.942646,2.06617,2.578285,1.886151,2.438078,1.674988,2.084505,0.3000298,0.4015718,-0.2178059,0.1272426,-0.5218611,-0.1717968,-0.7906437,-0.09490681,-1.168435,0.5608716,-1.544343,1.608391,-1.754244,2.071468,-1.69177,2.46882,-1.484887,2.88405,-0.9745674,2.423065,-0.05284691,1.637693,0.7749805,1.298009,2.16672,0.4369664,3.014967,0.195003,2.892188,0.3777804,2.785489,-0.3975806,2.975578,-1.061974,2
3.07887,2.723123,3.013194,2.837589,2.769099,2.57641,2.272696,1.915234,1.891679,1.495233,1.040047,0.4382997,0.07301903,-0.2861819,-0.3980246,-0.3652525,-0.7312403,-0.3168931,-1.109057,0.3262691,-1.179352,1.129179,-1.398975,1.702393,-1.540927,2.606138,-1.107435,2.903771,-0.5962343,2.615002,-0.2335339,2.262099,-0.1040068,1.888865,1.606607,0.9282613,3.25093,0.2856035,3.66739,0.009315014,3.908093,-0.5104499,2
2.218596,2.26559,2.26183,2.538614,2.242568,2.415026,2.028391,2.295647,1.056928,1.053165,1.056928,1.053165,0.1296024,0.1211572,-0.3466492,-0.2110119,-0.9002624,-0.1811938,-1.276335,0.10009,-1.229248,0.5629306,-1.598892,1.972936,-1.628528,2.371356,-1.255841,2.666039,-1.091489,2.654109,-0.5828743,2.261311,0.4272728,1.62303,0.4272728,1.62303,1.467997,0.6409087,2.203984,0.1691036,3.246053,-1.498839,2
2.70435,2.08315,2.544718,2.383459,2.362159,2.652267,2.258203,2.595373,2.229949,2.341674,1.617843,1.188869,0.6847649,0.03590536,-0.1794739,-0.3260932,-0.7966819,-0.4101882,-0.8303204,-0.2018948,-1.037188,0.2977591,-1.203941,1.383759,-1.446739,2.375099,-1.298402,2.673316,-1.005427,2.549267,-0.6937466,2.262185,0.7305012,0.9329619,1.330076,0.6113691,2.016855,0.219686,2.510603,-0.1138082,2.546391,-1.211677,2
2.306731,2.005558,2.195746,2.564109,2.124827,2.50828,1.961175,2.301364,1.370288,1.29419,0.4732475,0.1334739,0.1726732,-0.3537292,-1.069436,-0.3250852,-1.069436,-0.3250852,-1.099983,0.2291284,-1.148049,1.188982,-1.439249,1.746294,-1.481688,2.033719,-1.477481,2.454032,-1.383631,2.346523,-0.7439737,2.075746,0.3564701,1.232097,0.8931942,0.7490458,1.816328,0.1545138,2.141084,0.03564215,2.250919,-1.381762,2
2.63633,1.474406,2.593043,2.055473,2.543045,2.31772,2.339118,1.85407,1.364375,0.6428337,0.8392582,-0.007038116,-0.06525707,-0.5911617,-0.8600378,-0.8767395,-1.484371,-0.258327,-1.367811,0.1987948,-1.344175,0.5943036,-1.770418,1.580845,-1.697085,2.223718,-1.505495,2.295283,-1.285022,2.255714,-0.6358109,1.76995,-0.1513891,1.330077,1.129802,0.4977531,1.725827,0.1221924,2.371526,-0.5180235,2.523918,-1.313177,2
1.814561,1.55076,1.739211,2.170424,1.652615,2.649682,1.642467,2.753173,1.639992,2.458044,1.346333,2.036064,0.08815384,0.6509938,-0.4311161,0.06983137,-0.5729208,0.1103263,-0.7397833,0.3723111,-0.8775764,0.9185987,-1.037895,1.443807,-1.280275,2.264026,-1.199865,2.870109,-1.081642,2.911181,-0.5055723,2.360181,-0.5055723,2.360181,-0.18715,1.771903,1.486188,0.5446591,1.845531,0.2826743,2.515916,-1.123678,2
2.381501,2.585943,2.381501,2.585943,2.290772,2.761981,2.311721,2.623842,1.727407,1.844772,1.403696,1.333744,0.9330368,0.9119129,-0.2124338,0.003978252,-0.2124338,0.003978252,-0.4592695,0.4931717,-0.6084032,0.8162179,-0.795516,1.214612,-1.193824,2.154355,-1.212108,2.449621,-1.146763,2.741852,-0.9509568,2.828992,-0.3198347,2.390158,0.5391273,1.672568,1.093969,1.242178,1.951495,0.5589151,2.532064,-0.285666,2
2.800045,1.65902,2.444437,2.706752,2.359702,2.783534,2.227412,2.648008,1.642857,1.969735,1.190064,1.527688,0.6580791,0.9402328,0.4366302,0.7742138,0.05069637,0.6887026,-0.132823,1.051057,-0.2668066,1.252412,-0.5451984,2.059901,-0.6051321,2.322791,-0.6189041,2.909641,-0.5002127,2.941836,-0.2109337,2.744679,0.5001574,2.182263,0.8719206,1.947289,2.078542,1.071607,2.194258,0.9489079,2.192848,0.01467896,2
2.102372,1.101658,1.768082,2.1004,1.659167,2.320168,1.431836,1.982412,0.5460377,1.037285,0.07679272,0.7135963,-0.7843161,0.3057208,-0.9648957,0.2635808,-1.033365,0.3789773,-1.107629,0.6501422,-1.21484,1.332044,-1.430717,2.346156,-1.357935,2.52286,-1.276079,2.468993,-1.290486,0.8195372,-0.6500301,1.933078,0.9005089,1.154042,1.376733,0.9228258,1.859959,0.6318598,1.862033,0.6808453,1.826142,-0.5981088,2
2.098503,2.137202,2.051661,2.518868,2.211569,2.397634,2.013095,2.273057,1.10657,1.217873,1.10657,1.217873,0.1529179,0.2685909,-0.1369152,0.06306696,-0.3333302,0.1698232,-0.3599491,0.4352717,-1.035999,1.660636,-1.240794,2.080574,-1.372206,2.340803,-1.290719,2.813857,-1.063572,2.599327,0.01425552,2.078847,0.4967098,1.80661,1.41425,1.289358,2.208101,0.7841039,2.424548,0.6408925,2.215461,-0.2295079,2
3.135219,2.601179,2.879091,2.213321,2.441173,1.668242,1.800908,1.065307,0.7504168,0.3220382,0.7504168,0.3220382,0.3327541,0.1210761,0.2777996,0.2308254,0.2332392,0.671948,0.2332363,0.9046812,-0.004758835,1.84457,-0.006526947,2.338754,0.0832634,2.665389,0.2960186,2.925537,0.6959944,2.83747,0.6959944,2.83747,1.004856,2.525789,2.135387,1.672025,2.870222,1.145228,3.630641,0.7427001,4.423268,-0.6327457,2
4.816365,2.574723,4.733781,2.894964,4.687706,2.979409,4.663208,2.958169,4.279223,1.544292,4.054668,1.031629,3.528665,0.4645343,2.787458,-0.08566523,2.678323,-0.06667757,2.623288,0.415338,2.614902,0.7816029,2.407534,1.703832,2.360427,2.652212,2.665267,3.106308,3.081855,2.963327,3.328021,2.64422,4.107137,1.855739,4.982272,1.107795,5.226464,0.8466401,5.388543,0.6136708,5.302987,-0.5389953,2
3.92519,2.715962,3.732644,2.876461,3.595296,2.973733,2.962314,2.355797,2.624667,1.809901,1.686564,0.6981435,1.357335,0.3565788,0.769702,0.003548145,0.4426823,0.1507635,0.3059988,0.401854,0.07716084,1.246634,-0.3088379,2.029573,-0.3609829,2.543937,-0.1403751,3.095799,0.2729673,3.10573,0.9607058,2.414886,1.473005,2.077825,2.897587,1.167252,3.499913,0.8550277,3.765887,0.4781919,3.58964,-0.2911949,2
2.395657,1.633701,2.148306,2.08101,1.595189,1.760199,1.073483,1.207867,0.3981199,0.2286572,0.1233635,-0.02183104,-0.4020386,-0.1222076,-0.5625515,-0.07815456,-0.782567,0.2992654,-0.8430772,0.7912807,-1.155042,1.926091,-1.155042,1.926091,-0.9662724,2.20897,-0.4049387,2.396741,-0.2325726,2.219337,0.06849861,1.958113,0.7899771,1.361461,1.152169,0.978467,2.201311,0.629149,2.803344,0.2960601,2.885201,-0.6248527,2
1.16705,1.737011,1.002788,1.962236,0.8069315,1.610955,-0.2722273,0.5944409,-0.82621,-0.3220744,-1.191647,-0.5146985,-1.468615,-0.6587796,-1.733609,-0.6469169,-1.932309,-0.3973613,-1.905094,0.1302719,-2.003816,0.688386,-2.223708,1.608518,-2.2617,2.095507,-1.917457,2.317633,-1.427867,1.82576,-1.427867,1.82576,-0.4942932,1.207115,0.8058233,0.3900957,1.270019,0.1339035,1.369128,-0.6236839,1.317968,-1.113135,2
-0.7200003,2.278575,-0.7200003,2.278575,-0.7200003,2.278575,-0.8213806,2.434008,-0.8213806,2.434008,-1.035001,2.286886,-1.439164,1.870835,-1.917313,1.241495,-2.498246,0.8158631,-2.971438,0.2458625,-2.971438,0.2458625,-3.271282,0.1252561,-3.961454,-0.08207512,-3.961454,-0.08207512,-4.091672,0.1007338,-4.091672,0.1007338,-4.673724,0.7219667,-5.071984,1.07193,-5.071984,1.07193,-5.39448,1.602838,-5.372105,-0.09843779,2
-4.557484,0.6439595,-4.557484,0.6439595,-4.61906,1.06188,-4.869044,1.58123,-4.869044,1.58123,-4.785588,2.743877,-4.785588,2.743877,-4.760538,3.08693,-4.760538,3.08693,-4.500069,3.208883,-3.886662,2.880602,-3.618952,2.508119,-3.331236,2.077872,-3.331236,2.077872,-2.807456,1.697104,-2.807456,1.697104,-0.7584972,0.4667325,-0.7584972,0.4667325,-0.2693272,0.2570243,-0.2414093,0.1407466,-0.3354063,-0.9772134,2
1.168735,2.011543,1.195479,2.014851,1.02777,1.399948,0.7489462,0.9688935,0.0933485,0.1178174,-0.4042358,-0.3133616,-0.6884375,-0.4268546,-1.013,-0.03945923,-1.292459,0.3482261,-1.732113,1.366324,-1.834425,1.843913,-1.844492,2.782767,-1.489326,2.901869,-0.7434578,2.32097,-0.2088022,2.197167,0.8744974,1.339178,2.048038,0.5855036,2.587113,0.2249417,2.978237,-0.1055989,2.702739,-0.5496502,2.286786,-1.648802,2
-1.365876,-0.1852279,-1.600374,-0.3528504,-1.746994,-0.3836608,-1.746994,-0.3836608,-2.044781,0.08379602,-2.110567,0.3001328,-2.256628,1.420322,-2.337046,1.875111,-2.3108,2.233634,-2.179993,2.64339,-2.008532,2.881747,-1.882194,2.899401,-1.273236,2.525681,-1.273236,2.525681,-0.5093718,1.506152,0.1112566,0.9785438,1.394751,0.1278605,1.824663,-0.01417589,2.000338,-0.1221576,1.938714,-0.1585631,1.510902,-1.639331,2
1.606409,1.60203,1.465821,1.698558,1.477878,1.691016,1.322799,1.119329,0.4866047,0.1591954,0.04812813,-0.2252369,-0.9582825,-0.8790956,-1.103545,-0.9802902,-1.606152,-0.1527004,-1.651392,0.3143382,-1.836022,0.9009809,-1.926382,1.962016,-1.9285,2.146039,-1.690105,1.913157,-1.404111,1.818841,0.000728607,0.8497834,1.135336,0.06047392,1.987861,-0.4278355,2.362469,-0.5086055,2.275904,-0.4554734,1.616782,-1.816175,2
1.088794,1.123755,1.148833,2.269477,1.190605,2.270136,1.112581,2.205935,0.616785,1.52293,-0.5080633,0.3354149,-1.295509,-0.3574419,-1.390114,-0.480474,-1.533131,-0.2971683,-1.502242,0.2673984,-1.475854,1.264479,-1.816306,2.044188,-1.694083,2.264567,-1.624221,2.279242,-1.536462,2.144846,0.6113844,0.7640533,1.928831,0.05498934,2.507145,-0.1236424,2.684403,-0.1659117,2.268085,-0.1060791,2.0668,-1.397471,2
2.160971,2.075377,2.102984,2.303527,2.080377,2.459009,1.989488,2.367147,1.491987,1.755331,1.094781,1.153485,0.2912455,0.1482911,-0.2560787,-0.4292731,-0.7623644,-0.3187065,-1.022138,0.09341002,-1.193435,0.5604901,-1.399069,1.739419,-1.314828,2.513321,-1.023456,2.597901,-0.6784363,2.208872,0.02025986,1.517143,1.40493,0.5888767,2.072541,0.2186627,3.103196,-0.5920777,3.146609,-0.6829515,2.472341,-2.305596,2
1.842814,2.167003,1.92967,2.329695,1.63181,2.362782,1.494916,2.198768,0.3440504,1.014693,-0.2502155,0.4364471,-0.7312403,-0.2517347,-1.316559,-0.6332574,-1.391914,-0.4224157,-1.54004,0.06953478,-1.362113,0.5098009,-1.911905,1.863867,-1.738686,2.132926,-1.375411,2.513287,-1.281678,2.346933,-0.6614923,1.670276,-0.03174973,1.182463,0.6178341,0.6790209,1.988171,-0.03760481,2.45852,-0.5720406,2.208849,-1.787532,2
1.872333,1.630569,2.0064,1.922529,2.129689,2.092204,1.767236,1.648097,1.39798,1.155344,0.4957428,0.3644733,-0.01940536,0.06827593,-0.7399969,-0.3434353,-0.8906398,-0.3133903,-0.8361502,-0.09499359,-0.8384905,0.7757869,-0.776659,1.207619,-0.8958616,1.682295,-0.7186842,2.816612,-0.4896326,2.842598,0.2908163,2.376736,1.269309,1.431791,1.911416,0.9133987,2.245035,0.4078183,3.0503,-0.2482934,3.374228,-0.9412038,2
2.241966,2.694559,2.180619,2.849612,2.16909,2.929438,1.794185,2.658275,1.449347,2.255386,0.2951431,1.16678,-0.073699,0.7860255,-0.8004956,0.2029328,-0.8551612,0.2720037,-0.9912047,0.4371958,-1.364656,1.100521,-2.057137,2.377952,-2.058171,2.685458,-1.919,3.264879,-1.74295,3.26823,-1.31154,2.84415,-0.4351196,2.107078,0.2948132,1.788142,1.729962,0.987752,2.32528,0.6889014,2.784652,-0.6080389,2
2.313689,1.571066,2.131613,2.497687,2.101618,2.64068,1.970055,2.586811,0.7415771,1.008961,0.2774553,0.4837947,-1.210712,-0.2920938,-1.461758,-0.3412199,-1.607519,0.1184754,-1.524285,0.4789619,-1.457154,0.769453,-1.990142,1.932487,-1.811234,2.420857,-1.671585,2.845771,-1.391505,2.497452,-0.8818178,2.187888,0.2393494,1.43633,1.13739,0.7041564,1.89837,0.3337021,2.460069,0.04273176,2.197759,-1.373664,2
2.386766,2.403889,2.291084,2.760718,2.040046,2.88672,1.719882,2.574381,1.432109,2.195796,0.6533461,1.228218,0.1743679,0.7561679,-0.9256182,-0.01601267,-1.111422,0.1485457,-0.9664202,0.9754295,-0.9775314,1.438358,-0.9567308,2.066643,-0.9210272,3.129069,-0.9210272,3.129069,-0.7104225,3.111126,-0.1727238,2.557092,0.3281221,2.274952,0.862649,1.672182,3.644381,0.3818035,4.106378,0.02235126,3.531368,-1.781749,2
3.103677,1.956684,2.980453,2.201614,2.893305,2.256605,2.330756,1.720415,1.813068,1.140777,0.02718639,-0.3644204,-0.4900513,-0.4709029,-0.8942804,-0.5128627,-0.8207865,-0.2362709,-0.8254046,0.01127529,-0.715971,0.5267291,-0.7391977,1.452893,-0.6774139,2.124621,-0.004896164,2.320103,0.3752718,2.154465,1.119948,1.483775,2.216389,0.6994724,2.944561,0.1669502,3.745021,-0.3525305,4.462005,-1.055339,4.128848,-1.462557,2
2.677215,1.811064,2.396717,2.182606,2.050704,2.439649,1.736085,1.996267,1.428352,1.588661,0.4316626,0.2878709,-0.3084574,-0.3341031,-1.55591,-0.6598897,-1.630593,-0.4832282,-1.576954,-0.1074901,-1.592007,0.2333255,-1.598477,0.5955954,-1.782107,1.506211,-1.826182,1.742346,-1.491591,2.123278,-1.149896,1.903782,-0.9824815,1.502452,-0.9824815,1.502452,1.320396,-0.81426,2.704227,-1.515503,2.663646,-2.181385,2
-0.8392272,-0.4437785,-1.633533,-0.2947793,-1.694942,-0.2142015,-1.694942,-0.2142015,-1.726346,0.1783509,-1.634998,0.5122356,-1.832421,1.223863,-1.903551,2.143863,-1.903551,2.143863,-1.579478,2.726079,-1.579478,2.726079,-1.354398,2.793715,-1.056298,2.665052,-0.6461258,2.466833,-0.3751802,2.104764,0.1672535,1.747021,0.6653948,1.236188,1.719036,0.3595376,1.719036,0.3595376,2.174034,0.02158356,2.540333,-1.478632,2
2.206086,2.481729,2.251946,2.66212,1.998633,2.285348,1.550614,1.841958,0.4781361,0.7100363,-0.6066313,-0.5942869,-1.172333,-0.4063826,-1.639593,-0.4500976,-1.760844,-0.03243446,-1.78066,0.2974687,-1.713751,0.819829,-2.041936,1.810957,-1.96741,2.20475,-1.654005,2.580039,-1.098797,2.208927,-0.7795391,1.915843,0.2362347,1.176313,1.39111,0.445118,1.67382,0.3557401,1.745436,0.2423863,2.000649,-1.037394,2
2.540137,2.121902,2.540137,2.121902,2.554065,2.263707,2.21839,2.019087,0.4756842,0.4469066,0.05071735,0.2252221,-0.3432894,-0.03881979,-1.002108,-0.3507771,-1.078117,-0.2479181,-1.181098,0.3773184,-1.290454,1.320124,-1.406632,1.825137,-1.329062,2.413605,-1.276178,2.573567,-1.242514,2.457124,-0.820693,2.088306,0.2441149,1.336993,0.9209366,0.8226657,2.183376,0.02373695,2.885001,-0.9369123,2.682994,-1.794299,2
2.454131,3.722216,2.355714,3.853257,1.575963,3.013668,1.092291,2.39413,0.4990854,1.732871,-0.5603056,0.5608697,-1.120038,0.1472764,-1.81429,-0.01406717,-1.926346,0.1949677,-1.825613,0.9271832,-2.189979,1.802134,-2.240458,2.272813,-2.025866,2.742367,-1.841423,3.304269,-1.76423,3.300274,-1.211894,2.809877,-1.539692,1.116512,-1.539692,1.116512,2.005809,0.7731075,2.320991,0.03609896,2.133382,-0.4198222,2
2.39779,2.276331,2.386977,2.275702,2.286617,2.081122,1.196628,1.244472,0.4346333,0.563992,-0.4242306,0.1761718,-1.392757,-0.2323203,-1.542755,-0.1185393,-1.499411,0.09372282,-1.609484,0.9536595,-1.96063,1.910117,-1.783652,2.492115,-1.583167,2.623677,-1.36036,2.530688,-0.8135405,2.105403,-0.5059023,1.754563,0.1280909,1.56603,0.7023649,0.95509,3.257373,-0.4750237,3.245754,-0.5000854,2.777699,-1.710285,2
3.12556,1.573969,3.15208,2.32474,3.161379,2.396919,3.076022,2.306862,1.909329,0.9087672,1.142541,0.1776624,1.142541,0.1776624,-1.062993,-0.9532249,-1.26056,-0.8355923,-0.8571472,-0.403161,-1.089744,0.4670157,-1.14908,0.9088063,-1.421248,1.787911,-1.310465,2.111372,-0.5414648,2.28771,0.2343903,1.937204,0.6539202,1.414917,1.446733,0.5661845,2.025307,0.2049847,2.639962,-0.1186438,3.189944,-1.467736,2
3.013326,2.839699,2.872732,2.978503,2.588796,3.01112,2.412017,2.719451,2.053209,1.856673,1.613709,1.26205,0.4286928,0.1712608,-0.4978933,-0.166399,-0.7016726,-0.04373455,-1.130294,0.4218292,-0.8463254,0.7941675,-0.8920779,1.531239,-1.073122,1.910378,-0.8367629,2.414327,-0.5124006,2.501828,0.2734203,1.879951,1.708352,1.190531,2.671261,0.393743,3.134894,0.1958418,3.416751,0.1048627,3.120173,-1.193204,2
2.799871,2.436011,2.643216,2.480268,2.422215,2.144876,1.83491,1.649146,-0.05984974,0.6556687,-1.262326,-0.2737379,-1.56827,-0.3171582,-1.673425,-0.2433853,-1.427999,0.1113081,-1.20048,1.045632,-1.367134,1.959169,-1.305185,2.301907,-1.177781,2.505767,-0.937952,2.517714,-0.7316217,2.278357,-0.002019882,1.671469,1.274422,0.6962476,2.062551,0.3085732,2.775214,-0.2105346,2.557258,-0.653801,2.530428,-1.740518,2
2.042588,2.16496,2.092013,2.286386,1.74533,1.957316,1.148229,1.532602,0.3559914,0.9515734,-0.3625717,0.4655261,-1.138251,-0.07933187,-1.350937,-0.1105132,-1.331923,0.0617075,-1.366132,0.2863584,-1.356421,0.645442,-1.609903,1.51669,-1.680065,1.846537,-1.519517,2.259302,-1.365873,2.24018,-1.043067,1.788702,-0.5164614,1.486192,0.6806679,0.7882309,1.188243,0.4333277,1.685979,0.134254,2.1011,-1.026382,2
2.215487,2.386286,2.27564,2.632771,2.077962,2.603951,1.723369,2.000068,0.7448454,1.14508,-0.2172003,-0.09061575,-1.296335,-0.4148226,-1.325253,-0.522058,-1.325253,-0.522058,-1.463425,-0.01244259,-1.354448,0.3764615,-1.447505,1.606779,-1.271548,2.105472,-1.140894,2.066671,-0.8390603,2.038712,0.1815443,1.248995,0.6728163,0.8211656,2.075999,-0.02139521,2.945289,-0.5779033,2.945289,-0.5779033,2.894938,-1.216151,2
2.59916,2.218899,2.597281,2.40057,2.487379,2.417199,2.162411,1.974828,0.8323631,0.6252165,-0.066082,-0.1479359,-1.973005,-1.047051,-2.26485,-0.9985268,-2.193399,-0.6592369,-1.764323,-0.03488493,-1.765703,0.308372,-1.758518,1.970805,-1.693816,2.148337,-1.497533,2.278028,-0.8709068,2.130511,-0.5679541,1.900004,0.4692526,1.200004,0.9676809,0.7061262,1.61902,0.271513,2.62849,-0.3083782,2.685952,-1.785976,2
2.557326,1.469477,2.706367,1.713689,2.5308,1.991757,1.730292,0.8718033,1.180627,0.05964708,1.180627,0.05964708,-1.138384,-1.63977,-1.521956,-1.857408,-2.034115,-1.238115,-2.401616,-1.04002,-1.907332,0.3674412,-1.75907,1.538548,-1.716194,1.831135,-1.549879,1.891815,-0.8729634,1.528643,-0.593297,1.052732,0.4353828,-0.01538658,2.560217,-1.191721,2.560217,-1.191721,2.878357,-1.363557,2.822092,-2.703358,2
2.094827,2.003097,1.953361,2.37964,1.454068,2.38954,1.454068,2.38954,0.3279037,1.30574,-1.349679,-0.214046,-2.008377,-0.7293782,-2.507028,-0.7363253,-2.35152,-0.4996395,-2.183077,0.03593874,-2.050158,1.237577,-2.273945,1.963117,-2.208467,2.355512,-1.858841,2.863294,-1.414677,2.428054,-1.24201,2.05614,-0.3969765,1.084009,0.7466316,0.2303834,1.734329,-0.3707361,2.119485,-0.965579,2.132454,-1.96492,2
2.287998,2.332867,2.155216,2.497172,1.945388,2.512059,1.318437,1.764223,0.297966,0.5141196,-0.2614708,-0.05400801,-1.010812,-0.3091693,-1.586205,-0.8295412,-2.098316,-0.4778385,-2.139367,-0.276854,-2.101439,1.03709,-2.297072,1.75205,-1.810877,2.874174,-1.422744,2.789127,-1.140814,2.534187,-0.9109564,2.199275,0.06582928,1.346413,1.125191,0.5751705,1.801848,0.3706861,2.446443,0.03521442,2.369545,-0.8183718,2
2.799794,2.580216,2.799794,2.580216,2.089639,2.087401,2.089639,2.087401,1.467411,1.476045,0.4958496,0.2291913,-0.2934656,-0.4617429,-1.604967,-0.9818201,-2.083964,-0.9819865,-2.532965,-0.7393985,-1.817267,0.2953038,-1.934333,1.710177,-1.825361,2.140314,-1.400365,2.570653,-0.7780132,2.486418,-0.4492941,2.190538,0.2496977,1.672252,1.246555,1.150864,1.813974,0.9803853,2.895442,0.3066874,3.594789,-1.327012,2
3.145305,1.771715,2.951549,2.197196,2.763634,2.43959,2.409363,2.281543,2.409363,2.281543,0.922822,0.0370841,-0.8777742,-1.321493,-1.521011,-1.629776,-2.297667,-1.496108,-2.442735,-1.362123,-2.158724,-0.4700212,-1.908744,-0.05575895,-1.929658,0.4383483,-1.613935,0.8008342,-1.595798,1.704347,-1.597709,1.851675,-0.6813984,1.974008,-0.2520866,1.757782,0.07490349,1.385142,1.208512,0.164237,2.464658,-0.9484565,2
