X0, Y0, X5, Y5, X10, Y10, X15, Y15, X20, Y20, X25, Y25, X30, Y30, X35, Y35, X40, Y40, X45, Y45, X50, Y50, X55, Y55, X60, Y60, X65, Y65, X70, Y70, X75, Y75, X80, Y80, X85, Y85, X90, Y90, X95, Y95, X100, Y100, Symbol
0.8084986, 0.6093456, 0.9372342, 0.5999874, 0.9714338, 0.634482, 0.9798127, 0.68763, 0.9462823, 0.7355929, 0.87849, 0.8556091, 0.6907527, 0.9507554, 0.3176892, 0.996352, 0.002992821, 0.8256564, 0.1923392, 0.6400874, 0.7384913, 0, 0.8383117, 0.5755693, 0.5704687, 0.630037, 0.2108282, 0.4784775, 0.2222208, 0.320522, 0.6493413, 0.2468982, 0.5681352, 0.3576088, 0.4043363, 0.3077154, 0.4827006, 0.1446987, 0.7301937, 0.0654612, 0.7384913, 0, Tornado
0.9982104, 0.665302, 0.957541, 0.8610749, 0.883028, 0.9327463, 0.6838215, 0.9774312, 0.3763973, 0.9769847, 0.009820411, 0.843849, 0.08708566, 0.7049198, 0.4452491, 0.5666786, 0.7984241, 0.5928459, 0.9440348, 0.6745318, 0.6703902, 0.7361547, 0.3872684, 0.6621671, 0.3289485, 0.5639924, 0.4600252, 0.4600005, 0.9377555, 0.394069, 0.935161, 0.4656864, 0.7707038, 0.475133, 0.4123269, 0.3120685, 0.4336703, 0.1953917, 0.6531014, 0.1687002, 0.7112623, 0, Tornado
0.9006389, 0.4856406, 0.9628536, 0.726608, 0.8044767, 0.892455, 0.5355799, 0.9767208, 0.267313, 0.9920469, 0.0009184103, 0.8337789, 0.008535495, 0.6651636, 0.5453237, 0.5166329, 0.9798173, 0.5937895, 0.9465839, 0.6856719, 0.6802331, 0.7070474, 0.3021147, 0.5606241, 0.291356, 0.3737611, 0.4921522, 0.277997, 0.7872831, 0.2521032, 0.673855, 0.3970604, 0.429049, 0.355015, 0.3308058, 0.1825007, 0.5355964, 0.04168757, 0.6523073, 0.01471314, 0.6822693, 0.009857718, Tornado
0.8753773, 0.3597817, 0.9990196, 0.6679637, 0.9048875, 0.8382907, 0.6934792, 0.976826, 0.2784329, 0.9495524, 0.03318128, 0.8106391, 0.06223299, 0.5629741, 0.5831482, 0.4692605, 0.8505768, 0.5275292, 0.8571092, 0.6457973, 0.523261, 0.6316425, 0.2988063, 0.4747195, 0.4382823, 0.2768364, 0.7458675, 0.1763257, 0.9225094, 0.2524662, 0.6638836, 0.3324981, 0.390808, 0.241162, 0.4339897, 0.1131298, 0.5477518, 0.006179725, 0.7086908, 0.03942582, 0.7438386, 0.0635879, Tornado
0.9296931, 0.4293164, 0.998633, 0.722706, 0.9765817, 0.8264239, 0.7472338, 0.9611397, 0.4224715, 0.9866357, 0.1589015, 0.8824931, 5.491061E-05, 0.6534729, 0.1034373, 0.5665708, 0.8141035, 0.549943, 0.8276294, 0.6688482, 0.5284526, 0.6774086, 0.3203796, 0.5418733, 0.2912118, 0.2990982, 0.5151624, 0.1990367, 0.8468994, 0.2602758, 0.6469956, 0.4018799, 0.4734439, 0.3201877, 0.4088397, 0.1358029, 0.5395857, 0.02465319, 0.7081337, 0.06753636, 0.7468605, 0.09139805, Tornado
0.7747999, 0.3762571, 0.9044974, 0.6297316, 0.9985188, 0.8521515, 0.8148348, 0.9699634, 0.1853186, 0.8836923, 0, 0.754697, 0.1859756, 0.6241124, 0.532852, 0.5700317, 0.8306864, 0.5936065, 0.649922, 0.6531165, 0.3227832, 0.6190233, 0.06191603, 0.4501064, 0.07161687, 0.3870218, 0.644033, 0.302027, 0.710832, 0.353876, 0.5350006, 0.4008574, 0.2871563, 0.3271159, 0.2485995, 0.1414514, 0.4726848, 0, 0.6378591, 0.04751572, 0.6288171, 0.072301, Tornado
0.9356466, 0.4260553, 0.9665209, 0.6712605, 0.9555202, 0.9115235, 0.6433834, 0.9814121, 0.3119869, 0.9647326, 0, 0.8015192, 0.1182903, 0.6499614, 0.4873359, 0.575254, 0.7612342, 0.6415576, 0.708657, 0.6972353, 0.3120503, 0.6514788, 0.1566238, 0.5272103, 0.1614183, 0.4542717, 0.6253017, 0.3548364, 0.8011889, 0.4087341, 0.5013028, 0.4672408, 0.2609558, 0.3669386, 0.2645064, 0.2211951, 0.383041, 0.1001208, 0.5327011, 0.04128346, 0.5906425, 0, Tornado
0.969305, 0.4600011, 0.9959022, 0.7051314, 0.8601905, 0.931009, 0.4742689, 0.9941792, 0.05824833, 0.9002832, 0.6580032, 0.07874269, 0.3683565, 0.567499, 0.6880208, 0.5688037, 0.6842546, 0.6807753, 0.2921916, 0.6240708, 0.6580032, 0.07874269, 0.2263104, 0.2660224, 0.4641243, 0.190946, 0.7762454, 0.3052155, 0.6528203, 0.4217712, 0.3374333, 0.3060059, 0.2768151, 0.1617607, 0.360177, 0.05640386, 0.5689255, 0.023067, 0.637995, 0.0738688, 0.6580032, 0.07874269, Tornado
0.9596052, 0.4479893, 1, 0.6997748, 0.8153486, 0.9284523, 0.5457999, 0.989637, 0.08814739, 0.9017646, 0.008104039, 0.7461498, 0.1068381, 0.5782428, 0.5837246, 0.5586795, 0.8733357, 0.6206849, 0.6183157, 0.6888087, 0.3179355, 0.6171287, 0.1039665, 0.4536693, 0.3014626, 0.281304, 0.7003528, 0.2500439, 0.8068549, 0.3741911, 0.4767124, 0.3839858, 0.281964, 0.2761021, 0.3552767, 0.108157, 0.5681362, 0.06769433, 0.7364888, 0.01769786, 0.7829301, 0.006002476, Tornado
0.9980699, 0.6251232, 0.9767169, 0.8797345, 0.8425676, 0.9674608, 0.5091879, 0.9898717, 0.1660248, 0.921836, 0.03606339, 0.7318365, 0.3832382, 0.5686913, 0.6792318, 0.5768923, 0.6117456, 0.6892502, 0.3913551, 0.6969643, 0.1889687, 0.575403, 0.3075829, 0.3636497, 0.596418, 0.2858785, 0.7732455, 0.3613013, 0.6554366, 0.3962453, 0.3516711, 0.3047103, 0.2915768, 0.1769121, 0.4911197, 0.07549778, 0.608263, 0.03692866, 0.6902913, 0.02195796, 0.7676783, 0.005262874, Tornado
0.9732522, 0.5775236, 0.9846164, 0.8066048, 0.7868456, 0.9764107, 0.4309425, 0.9881346, 0.1381746, 0.9515468, 0.01766933, 0.7855749, 0.312822, 0.6739354, 0.5727, 0.6417397, 0.7504161, 0.7428172, 0.5741162, 0.7825122, 0.211135, 0.6820847, 0.1129806, 0.5720681, 0.1586493, 0.4289748, 0.5248536, 0.2828725, 0.7048832, 0.3281699, 0.5607791, 0.4705897, 0.3974769, 0.4433355, 0.2402565, 0.3005434, 0.3488107, 0.1295473, 0.4465708, 0.005896956, 0.5272722, 0.005175189, Tornado
0.9513852, 0.6239847, 0.9658278, 0.8817728, 0.8328224, 0.9791652, 0.445566, 0.9913597, 0.08769327, 0.89597, 0.008826743, 0.7166774, 0.2138882, 0.5470089, 0.6652882, 0.5189438, 0.8670614, 0.6201527, 0.6055288, 0.6858159, 0.2500985, 0.5742268, 0.1679177, 0.4514152, 0.3878237, 0.2743336, 0.6865848, 0.3014923, 0.7017913, 0.4114877, 0.3945832, 0.3570219, 0.3050902, 0.2425947, 0.4034481, 0.09670699, 0.5444817, 0.03400202, 0.5757158, 0.01380442, 0.6093693, 0, Tornado
0.864787, 0.4180903, 0.9237808, 0.652483, 1, 0.861582, 0.8484094, 0.9511627, 0.4843251, 0.998273, 0.09680536, 0.9368962, 0.02124851, 0.8084539, 0.3722423, 0.6641712, 0.6477994, 0.6507219, 0.743926, 0.7305473, 0.4673417, 0.762403, 0.1451356, 0.6801166, 0.0001421188, 0.4857753, 0.2723118, 0.3045853, 0.541725, 0.3400082, 0.4056061, 0.4262013, 0.1775395, 0.3580556, 0.1590158, 0.2188003, 0.3401561, 0.03107654, 0.4958499, 0.009971057, 0.5664055, 0.06480038, Tornado
0.8418546, 0.4694426, 0.9548737, 0.6977667, 0.9470699, 0.8747899, 0.6625217, 0.9823713, 0.1987006, 0.9601697, 0.4885681, 0.1403424, 0.327115, 0.6832075, 0.571712, 0.6468289, 0.795598, 0.7277158, 0.550923, 0.799684, 0.4885681, 0.1403424, 0, 0.3867777, 0.3758922, 0.3120231, 0.590323, 0.4295751, 0.5146413, 0.4990365, 0.4885681, 0.1403424, 0.174292, 0.2590674, 0.2624373, 0.1079376, 0.4905392, 0.01021384, 0.5220844, 0.1250758, 0.4885681, 0.1403424, Tornado
0.9329385, 0.6380171, 0.9856362, 0.8517354, 0.9093978, 0.9566204, 0.6342965, 1, 0.2805547, 0.938553, 0.06012873, 0.816266, 0.07503634, 0.5943395, 0.2539794, 0.4606851, 0.8197087, 0.4706688, 1, 0.5361058, 0.717217, 0.02366249, 0.3777323, 0.502665, 0.271764, 0.2953329, 0.4656017, 0.1992876, 0.8365257, 0.229406, 0.676564, 0.3387559, 0.4151397, 0.2602205, 0.4094865, 0.1418125, 0.6073257, 0.03528222, 0.7270385, 0.01075634, 0.717217, 0.02366249, Tornado
0.8706712, 0.3741211, 0.9924769, 0.6843579, 0.9318749, 0.883472, 0.6068949, 0.990918, 0.1944226, 0.9359913, 0, 0.76401, 0.1792807, 0.5221307, 0.6129922, 0.4719504, 0.8828852, 0.5849545, 0.7124865, 0.660319, 0.7792736, 0.01384984, 0.2623918, 0.4871434, 0.2342728, 0.3164522, 0.5319816, 0.1848132, 0.7049016, 0.2683038, 0.5173273, 0.3351471, 0.2909367, 0.2166711, 0.3512802, 0.02966988, 0.5854566, 0.00577324, 0.7093402, 0, 0.7792736, 0.01384984, Tornado
0.9119256, 0.5111008, 0.9617573, 0.7186075, 0.9335055, 0.9173144, 0.6247597, 1, 0.2637767, 0.9695941, 0, 0.8416598, 0.2628471, 0.664333, 0.6972128, 0.6410529, 0.8564772, 0.7168055, 0.4747967, 0.7081457, 0.1956142, 0.6250238, 0.1568519, 0.4707388, 0.2664853, 0.3956888, 0.7618187, 0.4393543, 0.6918244, 0.5485712, 0.278184, 0.5037656, 0.1874697, 0.3710293, 0.3236729, 0.1924734, 0.6053178, 0.1698512, 0.6636361, 0.2383644, 0.6674414, 0.1935156, Tornado
0.8308482, 0.4314043, 0.9626282, 0.7010701, 0.9559327, 0.8558073, 0.830492, 0.9589052, 0.3891819, 0.9906189, 0.08569548, 0.9167472, 0.05790355, 0.7509528, 0.2454405, 0.6448097, 0.8365257, 0.6127458, 0.7804957, 0.7002952, 0.4296612, 0.6683285, 0.2728825, 0.566689, 0.2761568, 0.4803229, 0.6110612, 0.3656952, 0.7717214, 0.4262425, 0.6435102, 0.5047697, 0.3946529, 0.4418925, 0.365235, 0.3025088, 0.4751721, 0.2303655, 0.662547, 0.07012209, 0.6735649, 0, Tornado
1, 0.7087017, 0.8200625, 0.9634708, 0.6557626, 0.9982007, 0.2918007, 0.9932525, 0.001578664, 0.8672047, 0.05838735, 0.7192608, 0.2881299, 0.5940707, 0.7323083, 0.6333081, 0.8431623, 0.6915841, 0.6548172, 0.7357426, 0.3077508, 0.6541098, 0.2057986, 0.5389373, 0.3105267, 0.3912298, 0.6580324, 0.3497435, 0.7924544, 0.3891951, 0.5960994, 0.4344653, 0.4005611, 0.4043389, 0.3762, 0.2319604, 0.5034855, 0.05851145, 0.6396119, 0.05902923, 0.767571, 0, Tornado
0.9581715, 0.5450476, 0.9641185, 0.837722, 0.80121, 0.9702398, 0.3786971, 1, 0.08397407, 0.8938828, 0.07050656, 0.7010791, 0.3690287, 0.5980415, 0.6845542, 0.5754129, 0.7740464, 0.639775, 0.4928143, 0.6947466, 0.3248978, 0.6550735, 0.1118406, 0.4504547, 0.151183, 0.328581, 0.6644497, 0.2770889, 0.7347277, 0.3723138, 0.5887504, 0.4465204, 0.3897898, 0.3982925, 0.2891986, 0.1927644, 0.4331823, 0.07997087, 0.6085988, 0.02031619, 0.7246088, 0, Tornado
0.9216893, 0.4227766, 0.9995068, 0.7404581, 0.8778179, 0.908787, 0.5110569, 0.9898783, 0.2043436, 0.9398928, 0.01606126, 0.6990969, 0, 0.6488089, 0.6676833, 0.5591754, 0.8506159, 0.6251242, 0.7480586, 0.7262301, 0.5594828, 0.7176144, 0.3438928, 0.6012365, 0.2921851, 0.4405403, 0.4788125, 0.3095297, 0.7479828, 0.3037575, 0.6993045, 0.3937775, 0.4429939, 0.3759843, 0.3377905, 0.2359747, 0.3891031, 0.07294174, 0.502603, 0.002965897, 0.5889938, 0, Tornado
1, 0.9188097, 0.7952266, 0.9694775, 0.4897206, 0.9848056, 0.1246575, 0.9417401, 0.04267587, 0.8402182, 0.07754511, 0.6354082, 0.3479823, 0.5382604, 0.7076407, 0.5369267, 0.7861393, 0.6195854, 0.5097572, 0.6482887, 0.6567671, 0.002848076, 0.1741337, 0.4297572, 0.1546342, 0.4165165, 0.6181733, 0.2541378, 0.7343959, 0.3248348, 0.5696637, 0.3774847, 0.4426825, 0.3362265, 0.3140963, 0.1801875, 0.4175118, 0.07592563, 0.6415015, 0, 0.6567671, 0.002848076, Tornado
0.9864928, 0.546265, 0.9414369, 0.7964208, 0.8086302, 0.9710948, 0.4818895, 0.9888703, 0.06571195, 0.9103739, 0.02529349, 0.6902262, 0.07052986, 0.6326118, 0.6116539, 0.5147666, 0.6867086, 0.6209357, 0.4705352, 0.6579214, 0.6614373, 0.08632953, 0.06361911, 0.405924, 0.4491347, 0.2153987, 0.6890317, 0.2722009, 0.6691954, 0.3850708, 0.3879752, 0.3368112, 0.2451805, 0.2095858, 0.3168998, 0.1180225, 0.5091048, 0.01310057, 0.6518469, 0.03398173, 0.6614373, 0.08632953, Tornado
0.9713461, 0.489712, 0.9810929, 0.7062832, 0.9606404, 0.8879361, 0.757328, 0.9828436, 0.1753983, 0.9563666, 0.01521581, 0.7907866, 0.1069612, 0.6812606, 0.7836472, 0.5801722, 0.8308245, 0.6416131, 0.5988933, 0.6571336, 0.280202, 0.5318956, 0.2893344, 0.3812343, 0.7282227, 0.3101483, 0.8326415, 0.3372065, 0.6914302, 0.4025375, 0.369588, 0.2790185, 0.3365101, 0.1211271, 0.4957024, 0.0443707, 0.5854956, 0, 0.6357929, 0.03792564, 0.6526415, 0.0316321, Tornado
0.9793683, 0.6580295, 0.9692112, 0.8381911, 0.6957263, 0.9913448, 0.3076527, 0.9886273, 0.1039136, 0.9120136, 0.05272165, 0.647615, 0.4205382, 0.615417, 0.7929211, 0.6108768, 0.7438867, 0.6910297, 0.453896, 0.7129334, 0.1640624, 0.6021256, 0.04092048, 0.3977122, 0.3806782, 0.2210826, 0.6697225, 0.2691161, 0.8358768, 0.3517749, 0.7418216, 0.4233186, 0.3682951, 0.2889106, 0.2956126, 0.1813015, 0.3723178, 0.07553323, 0.5074793, 0.004680745, 0.514204, 0.005228027, Tornado
0.8876431, 0.4638058, 0.9916492, 0.7593097, 0.9882992, 0.8918518, 0.5164058, 1, 0.2284606, 0.9494873, 0, 0.755378, 0.1899447, 0.6370522, 0.8132677, 0.5899338, 0.9768661, 0.6473762, 0.5820588, 0.6973659, 0.1987979, 0.6053954, 0.08601749, 0.4613687, 0.470136, 0.3167011, 0.7101603, 0.2993471, 0.7661881, 0.3724876, 0.416512, 0.3719758, 0.2103937, 0.2419378, 0.3893869, 0.1395893, 0.5623536, 0.01450573, 0.6709769, 0.02770739, 0.7084193, 0.02346474, Tornado
0.9994133, 0.6052013, 0.9780666, 0.8419471, 0.7739096, 0.9559726, 0.4642066, 1, 0.1598158, 0.9548541, 0.03838447, 0.7618011, 0.2044258, 0.692497, 0.667118, 0.6287856, 0.8591369, 0.6949821, 0.5451397, 0.70368, 0.2091794, 0.6041316, 0.1182079, 0.4125607, 0.4621923, 0.3548289, 0.8623308, 0.358265, 0.7503371, 0.4436162, 0.4512816, 0.4360999, 0.2462896, 0.2772252, 0.2909886, 0.1959211, 0.4695458, 0.0517029, 0.6446858, 0.01932932, 0.651125, 0.03516182, Tornado
1, 0.3412747, 0.9764717, 0.7043257, 0.8983241, 0.8471199, 0.5128902, 0.9842666, 0.1484258, 0.9284731, 0, 0.7697714, 0.2818516, 0.5635028, 0.7866113, 0.5431452, 0.8483174, 0.6177117, 0.5258396, 0.6154603, 0.2102791, 0.5005726, 0.2138647, 0.3052774, 0.6093925, 0.2355813, 0.7233542, 0.3237416, 0.5264986, 0.3974569, 0.2036782, 0.2762353, 0.2567566, 0.1799458, 0.4171619, 0.0468806, 0.752857, 0.0132653, 0.7487188, 0.03763837, 0.7250245, 0.08523848, Tornado
0.9110686, 0.8002306, 0.9206861, 0.9438547, 0.8790343, 0.9670372, 0.6043625, 0.9958994, 0.2878774, 0.9756095, 0.02717077, 0.8294393, 0.05798195, 0.6434308, 0.2572581, 0.5475817, 0.685602, 0.6116473, 0.8281637, 0.6915267, 0.4723949, 0.7140114, 0.2639112, 0.6113231, 0.2123478, 0.4688395, 0.7060167, 0.3449325, 0.9994372, 0.3988805, 0.8471501, 0.5172251, 0.5513566, 0.4374757, 0.4374574, 0.2847432, 0.5785565, 0.1823447, 0.750927, 0.0469828, 0.7358567, 0, Tornado
0.9966509, 0.7826873, 0.956853, 0.9147663, 0.8010317, 0.9598241, 0.3219197, 0.9835737, 0.01446094, 0.8897684, 0.05954362, 0.6672962, 0.1617658, 0.6393914, 0.6768922, 0.5962456, 0.6826261, 0.7120523, 0.4456912, 0.7234, 0.2300305, 0.5976827, 0.2168703, 0.4908801, 0.5664966, 0.320221, 0.7294047, 0.3985494, 0.6620377, 0.4975416, 0.4581376, 0.5045943, 0.2483386, 0.3832779, 0.3598772, 0.1881901, 0.4544338, 0.1361623, 0.5347254, 0, 0.6143009, 0.03011887, Tornado
0.9032577, 0.4816178, 0.9627732, 0.6684126, 0.9072409, 0.8809977, 0.7212223, 0.979063, 0.2463746, 0.9695253, 0.005596519, 0.8494009, 0.1627854, 0.6271574, 0.6868808, 0.5473478, 1, 0.5976123, 0.7163357, 0.6956316, 0.3816999, 0.6327146, 0.1725887, 0.457051, 0.343485, 0.3226877, 0.6951684, 0.2717237, 0.7294768, 0.3747707, 0.4185468, 0.3742059, 0.2900463, 0.2173356, 0.3715773, 0.1583804, 0.6478077, 0.01741357, 0.6829036, 0.0617701, 0.712301, 0.04676941, Tornado
0.9084595, 0.5136468, 0.9938874, 0.754274, 0.8718674, 0.925497, 0.5630959, 1, 0.1759413, 0.9218842, 0.6065643, 0.0234352, 0, 0.7139457, 0.6841723, 0.4983728, 0.8469535, 0.574784, 0.6282103, 0.6552825, 0.6065643, 0.0234352, 0.2401641, 0.4849131, 0.3142495, 0.2720333, 0.7431813, 0.2198035, 0.755509, 0.3367987, 0.4497628, 0.4236009, 0.2233547, 0.3063373, 0.2450954, 0.1093541, 0.4527096, 0.0388505, 0.5834275, 0, 0.6065643, 0.0234352, Tornado
0.8503215, 0.3708297, 0.9772998, 0.6941632, 0.9236134, 0.8507743, 0.6995714, 0.9702654, 0.2804451, 0.9307006, 0.9214996, 0.01869351, 0.2280983, 0.5108671, 0.7754897, 0.5290684, 0.9689245, 0.6188391, 0.5724353, 0.6058368, 0.9214996, 0.01869351, 0.2721436, 0.3716326, 0.5793427, 0.2599292, 0.8636572, 0.3034014, 0.7152901, 0.4068548, 0.9214996, 0.01869351, 0.4204197, 0.1572654, 0.5592788, 0.06521825, 0.720038, 0.01711823, 0.9214996, 0.01869351, 0.9214996, 0.01869351, Tornado
1, 0.627562, 0.9045736, 0.8877427, 0.5665243, 0.9937626, 0.1708788, 0.9833487, 0.01005752, 0.818056, 0.05808219, 0.600133, 0.05808219, 0.600133, 0.7125286, 0.5814819, 0.6091354, 0.6932628, 0.4442079, 0.6993459, 0.3005376, 0.6197, 0.2424578, 0.4766439, 0.4052223, 0.28081, 0.7090824, 0.243038, 0.7781898, 0.3593386, 0.5879008, 0.4334397, 0.3748201, 0.3441914, 0.3724785, 0.1594797, 0.497368, 0.06743779, 0.6089833, 0.003328899, 0.7238571, 0.01672871, Tornado
1, 0.6451054, 0.9571446, 0.8426554, 0.8103159, 0.9255074, 0.3427267, 1, 0.05080447, 0.8673551, 0.02883165, 0.6838461, 0.02883165, 0.6838461, 0.5964892, 0.5879858, 0.522745, 0.7087214, 0.3916154, 0.7218513, 0.1990477, 0.6067644, 0.1185054, 0.4335198, 0.4342573, 0.289268, 0.6952883, 0.2818164, 0.7790897, 0.3989696, 0.6235645, 0.4753894, 0.2597088, 0.2974195, 0.3094219, 0.1170239, 0.4529198, 0.0318707, 0.6737356, 0.02410644, 0.6737356, 0.02410644, Tornado
0.9882284, 0.4723567, 1, 0.3931799, 1, 0.3931799, 1, 0.3931799, 1, 0.3931799, 1, 0.3931799, 1, 0.3931799, 1, 0.3931799, 1, 0.3931799, 1, 0.3931799, 1, 0.3931799, 0.7993187, 0.8912651, 0.3450586, 0.9907262, 0.02130405, 0.7340619, 0.7776165, 0.5801224, 0.3981546, 0.6193926, 0.5558081, 0.378654, 0.6461653, 0.4247598, 0.3116853, 0.1874261, 0.6321054, 0.02536969, 0.7509652, 0, Tornado
1, 0.5115829, 0.9600356, 0.7651264, 0.7160688, 0.9365069, 0.4398266, 1, 0.1000521, 0.8916059, 0.0262365, 0.671254, 0.0262365, 0.671254, 0.6878041, 0.4902211, 0.7739474, 0.5868585, 0.5887812, 0.6417456, 0.3402925, 0.5697484, 0.2418626, 0.4154763, 0.3867775, 0.2955851, 0.6921065, 0.2531294, 0.6325392, 0.3615695, 0.4616947, 0.3779734, 0.282542, 0.2602922, 0.375282, 0.09537791, 0.6291523, 0.01918523, 0.7208835, 0.002044094, 0.733809, 0, Tornado
0.9801623, 0.5856566, 0.8968211, 0.8657374, 0.6757393, 0.9767357, 0.1803955, 0.938342, 0.01868537, 0.7209167, 0.1211779, 0.5903568, 0.5512933, 0.4797754, 0.8016148, 0.5357276, 0.6901685, 0.6303622, 0.4269527, 0.5879584, 0.2377638, 0.443389, 0.2890577, 0.3033655, 0.5774022, 0.2017718, 0.7999218, 0.266831, 0.7195526, 0.346947, 0.4639201, 0.3168932, 0.3114516, 0.1817832, 0.475298, 0.04235359, 0.6049933, 0.01523781, 0.7443067, 0.05728762, 0.7548578, 0.09343895, Tornado
0.9930113, 0.6286053, 0.9010532, 0.9037739, 0.6181073, 0.9801583, 0.2941984, 0.9901373, 0.04153062, 0.8865347, 0.02476065, 0.6959249, 0.5099319, 0.5479126, 0.7787837, 0.6370889, 0.6894174, 0.7211996, 0.3564476, 0.6764153, 0.7967646, 0.06730742, 0.1359791, 0.4783727, 0.6022639, 0.2305774, 0.7785024, 0.2635714, 0.8270974, 0.4152824, 0.7967646, 0.06730742, 0.3100671, 0.3071681, 0.4245842, 0.09549383, 0.5228277, 0.03143454, 0.7223811, 0.005723895, 0.7967646, 0.06730742, Tornado
0.9301078, 0.5177363, 1, 0.7553277, 0.8156129, 0.9682317, 0.4899729, 0.9866617, 0.1205269, 0.915159, 0, 0.7738256, 0.07737949, 0.616484, 0.3073891, 0.5400352, 0.6212068, 0.562295, 0.5756478, 0.6455003, 0.2465866, 0.6533082, 0.1034233, 0.5557635, 0.1010986, 0.4565969, 0.4094743, 0.2655549, 0.5231234, 0.2830653, 0.5180085, 0.4065164, 0.3506357, 0.3943858, 0.2408713, 0.3267758, 0.3161728, 0.1385532, 0.5244303, 0.01440181, 0.5655121, 0, Tornado
0.9958811, 0.6300659, 0.8482059, 0.911782, 0.5649747, 0.9816884, 0.2790402, 0.9841461, 0, 0.800176, 0.03186043, 0.5739608, 0.2887495, 0.4907856, 0.6867128, 0.5377548, 0.727047, 0.6385354, 0.5041291, 0.7061145, 0.2928341, 0.6284137, 0.2775719, 0.4108633, 0.4299727, 0.2468089, 0.7271795, 0.2404846, 0.6481236, 0.3731161, 0.4137827, 0.3462281, 0.2412719, 0.1803403, 0.3311383, 0.04246612, 0.5179917, 0.002228679, 0.6880885, 0.03971708, 0.7084393, 0.08325981, Tornado
0.9539721, 0.4918336, 0.9888957, 0.7476227, 0.796111, 0.9300675, 0.444519, 0.9852828, 0.1914081, 0.942639, 0.02726675, 0.7136543, 0.3574635, 0.5683532, 0.7002111, 0.5369334, 0.6849521, 0.6512618, 0.349733, 0.6516982, 0.1800202, 0.5299101, 0.1625438, 0.4844615, 0.6160249, 0.28996, 0.7993097, 0.3561869, 0.6845851, 0.4328141, 0.3947835, 0.2960967, 0.4174329, 0.2127775, 0.6206143, 0.04201238, 0.7152193, 0, 0.7589122, 0.03419526, 0.7517896, 0.0117635, Tornado
0.9730344, 0.6012223, 0.9215363, 0.9012496, 0.8186868, 0.9626436, 0.4665387, 1, 0.09706587, 0.9074517, 0.004741324, 0.8132016, 0.0527603, 0.655057, 0.4385403, 0.5684122, 0.6579141, 0.6588618, 0.5107502, 0.726066, 0.20029, 0.6206259, 0.1255914, 0.4821008, 0.3288053, 0.3579487, 0.5863989, 0.2898959, 0.685349, 0.4022196, 0.4265631, 0.4400517, 0.2773492, 0.3531785, 0.2681157, 0.2029663, 0.4330614, 0.04565444, 0.6513733, 0.009247003, 0.666073, 0.01507934, Tornado
0.9008714, 0.4900556, 0.9969887, 0.7649565, 0.9304309, 0.9150825, 0.6151274, 0.9876392, 0.2058756, 0.9360025, 0, 0.7565752, 0.06025296, 0.6335754, 0.6101506, 0.5881735, 0.8311396, 0.6729537, 0.6605612, 0.7465574, 0.8470725, 0.2406587, 0.2172207, 0.5047307, 0.3919771, 0.3430928, 0.6848311, 0.326218, 0.7350761, 0.4244117, 0.5039655, 0.4609327, 0.3436321, 0.3036036, 0.4947697, 0.1569356, 0.7803028, 0.1347943, 0.8505197, 0.2032528, 0.8470725, 0.2406587, Tornado
1, 0.800109, 0.8314118, 0.9662946, 0.5247787, 1, 0.2200982, 0.9877046, 0.003668964, 0.8648186, 0.09406322, 0.693724, 0.09406322, 0.693724, 0.8383183, 0.6409309, 0.9469533, 0.7074611, 0.7322734, 0.7479628, 0.2435716, 0.6501773, 0.1612913, 0.5735077, 0.3970981, 0.4094016, 0.7741492, 0.3739996, 0.9488668, 0.4380036, 0.7483721, 0.5355171, 0.4406172, 0.4694836, 0.4170051, 0.3664636, 0.592375, 0.1910778, 0.7891427, 0.1810761, 0.8392539, 0.1570185, Tornado
0.9982131, 0.5706254, 0.9551947, 0.8572993, 0.8031032, 0.9630272, 0.3949442, 1, 0.1575807, 0.9338868, 0, 0.7337426, 0.2962383, 0.5731363, 0.7284477, 0.5501972, 0.809346, 0.6505503, 0.4804104, 0.6847848, 0.7368823, 0, 0.1273753, 0.4720843, 0.6633049, 0.2425981, 0.8742095, 0.2609214, 0.9314055, 0.3756367, 0.5950469, 0.3832192, 0.385405, 0.2926413, 0.3924077, 0.09619946, 0.6229804, 0.02978635, 0.7561085, 0.05823921, 0.7368823, 0, Tornado
0.9377366, 0.7403407, 0.9588476, 0.9318662, 0.739103, 0.9928308, 0.5901089, 0.9976973, 0.1729276, 0.9360266, 0.01739199, 0.7735742, 0.2551582, 0.682698, 0.7268133, 0.6434002, 0.7381836, 0.7097942, 0.2687851, 0.6973172, 0.006849848, 0.5684683, 0.006849848, 0.5684683, 0.785276, 0.3336663, 0.8531659, 0.3927931, 0.8534988, 0.4599173, 0.5639102, 0.4311014, 0.3886136, 0.3384015, 0.5087838, 0.1137302, 0.7546839, 0, 0.870455, 0.1111359, 0.8941789, 0.1197555, Tornado
0.9677392, 0.734598, 0.9330931, 0.8664962, 0.7418056, 0.9791723, 0.4290869, 0.9801717, 0.04303624, 0.856768, 0, 0.7466274, 0.3443079, 0.6096796, 0.8444753, 0.5659183, 0.9719598, 0.6152514, 0.6723062, 0.6623619, 0.3792046, 0.5819826, 0.2553607, 0.4703517, 0.2113906, 0.3601082, 0.6551141, 0.2365772, 0.8520814, 0.273731, 0.8280453, 0.3919278, 0.4804925, 0.3561888, 0.4265884, 0.2084814, 0.6140534, 0.0398612, 0.7257749, 0.008561086, 0.9013457, 0.007850464, Tornado
0.9586054, 0.4410296, 0.9828083, 0.7508966, 0.9323801, 0.8729929, 0.7932884, 0.9763372, 0.3340345, 0.9830018, 0, 0.8219891, 0.1463055, 0.6173688, 0.5056068, 0.5413015, 0.8386672, 0.6486556, 0.7182444, 0.6925231, 0.2736955, 0.6045518, 0.183295, 0.4763073, 0.1644089, 0.4349627, 0.6805215, 0.2587, 0.7704555, 0.3486155, 0.586718, 0.3804873, 0.3245478, 0.3035523, 0.3783656, 0.08102182, 0.6199138, 0, 0.7298782, 0.02371688, 0.7647353, 0.08805846, Tornado
0.8603514, 0.4464402, 0.920103, 0.6612943, 0.9724846, 0.8858379, 0.8708032, 0.9729129, 0.4109328, 1, 0, 0.8118424, 0.2423009, 0.5482929, 0.7609676, 0.5120934, 0.8812624, 0.5912718, 0.5698856, 0.6555429, 0.2124273, 0.5021989, 0.2293341, 0.3574096, 0.7287352, 0.2225776, 0.8481756, 0.3359925, 0.5313606, 0.4220324, 0.3117817, 0.3286154, 0.3886212, 0.1448293, 0.5743588, 4.436132E-06, 0.8271967, 0.04704136, 0.7936196, 0.1184656, 0.8093389, 0.09445641, Tornado
